[login.jpg]
filters=crop64=1,1c29ffffff7c;
crop=rect64(1c29ffffff7c)
moddate=22643565dfb6d201
width=1000
height=1000
textactive=1
text=1;126;6;HOOKAH;Arial;0.603846,0.583203,0.054267,0.000000;v1,4280424470,4278190080,128.000000,1.000000,0.000000,1.000000,700,0,49152;;
